0	1290
1	48
10	514
100	2102
101	347
102	1
103	297
104	429
105	447
106	2334
107	387
108	52224
109	18
11	7
110	22
111	1084
113	81
114	267
115	97
117	22271
118	652473
119	87
12	303
120	39
121	1258
122	3
124	334
126	685645
127	33
128	29841
13	247
130	303169
131	1491
133	661
134	311
135	358
138	6
140	2
141	782
142	23377
143	174
147	2
152	81
153	1
155	1
158	2
159	2
16	60701
160	996
161	598
163	8152
164	1051
165	1893
166	634
167	4
168	20847
169	2
17	179
170	277
172	4
173	49993
174	77
175	11121
176	691
177	214
179	259
18	793
181	614
182	5
184	6288
185	1890
186	1798
188	4539860
189	5712
19	1520
191	223403
192	1582
193	1226
194	1240
195	5727
196	1419
197	1554
198	8
199	1867
2	16
20	2888
200	23
201	6
202	61
204	997
205	220033
206	142909
207	16
208	1235
209	1511
210	2
211	268
212	300
213	4
214	72325
215	2037
216	675
219	3
22	38
220	450
222	2
23	40938
237	2
238	8
239	21
24	5029
240	1
241	14144
242	2164
243	9655
244	821
245	27
246	178
247	733
248	2958
249	4855
250	3
251	4463
253	2888
254	21
255	153
256	23
257	29
258	26
259	56
26	1616
260	306
261	28
263	177
264	13
265	668137
266	2053
267	10
269	919
27	567
270	6729
271	1142
272	1162
273	657
274	49
276	5
277	6657
278	6811
279	1156581
280	9
281	46
282	2
284	660
285	354360
286	9963
287	25
288	608
289	878
290	1702190
291	272
292	639
293	3570
294	772
295	37123
296	29
297	706
298	1118888
299	853
3	2
300	67
301	781
302	739
303	20548
304	9
305	4348
306	1789
307	397
308	6
309	1742
32	19
33	1
35	3
36	1
38	437
39	902
4	60
40	14
41	2119
42	2
43	18131
44	683
46	47877
47	264
48	38
49	427793
50	1
51	2257092
52	1
53	117693
56	75264
57	1228
59	30
6	14318
60	35843
61	251
62	29272
63	151
64	5497
65	161
66	1943
67	416
69	5352
7	443
71	80
72	31064
73	58
74	362
75	22642
76	15592
78	16
79	70176
8	43229
80	2067
81	17058
82	6366
83	147
84	443
85	116
86	404955
87	1
88	273
89	6
9	8773
90	4
91	4397
93	26
94	5
95	14
96	1307
97	29203
98	14197
99	513892
