0	976
1	35
10	484
100	1703
101	260
103	170
104	401
105	305
106	1910
107	335
108	44503
109	6
11	6
110	13
111	840
113	41
114	197
115	41
117	18767
118	583005
119	57
12	276
120	24
121	1098
122	1
124	291
126	609440
127	23
128	24417
13	177
130	265552
131	1119
133	590
134	248
135	261
138	3
140	1
141	679
142	18594
143	138
144	1
147	1
153	3
155	3
157	3
159	2
16	49162
160	878
161	547
163	6764
164	853
165	1753
166	542
167	7
168	18510
169	1
17	131
170	222
171	1
172	3
173	42407
174	62
175	9821
176	474
177	238
179	191
18	678
181	493
182	6
184	5244
185	1439
186	1454
188	4023452
189	6069
19	1213
191	208664
192	1986
193	967
194	925
195	4387
196	1075
197	1420
198	15
199	1424
2	18
20	2383
200	20
201	12
202	69
204	665
205	195542
206	124729
207	1
208	1028
209	1232
210	2
211	244
212	233
213	2
214	60837
215	1600
216	479
219	2
22	22
220	399
23	35159
238	9
239	22
24	4403
240	3
241	11687
242	1784
243	7934
244	639
245	32
246	80
247	637
248	2867
249	3983
250	9
251	3560
253	2494
254	19
255	99
256	15
257	32
258	21
259	36
26	1215
260	188
261	28
263	145
264	17
265	602458
266	1499
267	8
268	1
269	678
27	672
270	5804
271	1027
272	998
273	447
274	35
277	5713
278	5579
279	1007678
280	55
281	45
282	3
284	470
285	313129
286	8454
287	19
288	472
289	859
290	1602673
291	205
292	365
293	2968
294	656
295	31327
296	30
297	443
298	991023
299	1935
300	61
301	700
302	535
303	16949
304	4
305	3883
306	1404
307	315
308	3
309	1279
38	224
39	677
4	52
40	9
41	1416
42	4
43	13956
44	625
46	44121
47	211
48	41
49	390240
51	1977852
52	1
53	104085
56	65932
57	997
59	24
6	11450
60	30090
61	231
62	25762
63	132
64	4733
65	275
66	1288
67	358
69	4419
7	384
71	91
72	24944
73	42
74	278
75	19060
76	13495
78	19
79	58783
8	33204
80	1613
81	15066
82	4964
83	206
84	291
85	140
86	348747
87	5
88	216
89	2
9	6894
90	4
91	3759
93	30
94	4
95	56
96	1217
97	24719
98	11368
99	462381
