0	1150
1	28
10	536
100	2018
101	255
103	178
104	394
105	388
106	2215
107	362
108	50432
109	27
11	8
110	19
111	986
113	32
114	347
115	68
117	22236
118	581004
119	80
12	268
120	27
121	1123
122	4
124	353
126	611622
127	20
128	26063
13	276
130	277043
131	1416
133	668
134	328
135	330
138	2
140	1
141	709
142	21698
143	207
153	4
156	1
157	1
16	61930
160	988
161	503
163	7460
164	1039
165	1588
166	610
167	14
168	17096
169	1
17	145
170	309
172	3
173	45224
174	85
175	9069
176	468
177	157
178	1
179	296
18	642
181	541
182	19
184	6318
185	1376
186	1869
188	4123765
189	5234
19	1386
191	225544
192	1202
193	1137
194	857
195	4709
196	1059
197	1165
198	13
199	1698
2	15
20	2524
200	33
201	11
202	79
204	66
205	209244
206	124956
208	1206
209	1447
210	6
211	217
212	308
213	1
214	68704
215	1608
216	619
219	2
22	30
220	474
23	36260
236	2
238	6
239	15
24	6530
240	2
241	13790
242	2316
243	9605
244	858
245	33
246	460
247	603
248	2704
249	4720
250	4
251	4645
253	2813
254	25
255	117
256	11
257	27
258	28
259	80
26	1610
260	225
261	36
263	134
264	28
265	624695
266	1606
267	5
269	886
27	503
270	7635
271	1184
272	1113
273	581
274	38
276	1
277	5840
278	7106
279	1028987
280	6
281	56
284	424
285	324853
286	8143
287	18
288	459
289	950
290	1684784
291	208
292	386
293	3162
294	722
295	33698
296	35
297	551
298	1049284
299	676
300	67
301	744
302	626
303	19613
304	6
305	4352
306	1573
307	333
308	9
309	1560
32	5
35	12
37	2
38	340
39	750
4	56
40	8
41	1641
42	4
43	18234
44	612
46	47775
47	236
48	31
49	432453
50	2
51	2061694
53	105094
56	68201
57	1006
59	24
6	13190
60	35112
61	224
62	28113
63	186
64	5243
65	143
66	1763
67	290
69	4904
7	360
71	63
72	29816
73	69
74	348
75	23708
76	15462
78	13
79	67858
8	41993
80	1948
81	14092
82	6259
83	120
84	355
85	106
86	357586
87	5
88	258
89	4
9	8126
90	4
91	4065
93	21
94	11
95	7
96	1514
97	25931
98	13769
99	454006
