0	1031
1	35
10	523
100	1983
101	253
103	217
104	300
105	369
106	2174
107	320
108	52315
109	21
11	15
110	15
111	981
113	48
114	251
115	107
117	24058
118	564973
119	80
12	227
120	30
121	999
122	2
124	285
126	599211
127	20
128	24609
13	231
130	261779
131	1386
133	663
134	333
135	312
138	3
14	1
140	1
141	617
142	21870
143	194
147	1
15	2
152	1
155	2
159	4
16	67025
160	942
161	623
163	7643
164	1034
165	1582
166	612
167	4
168	15384
169	2
17	138
170	322
172	2
173	38813
174	80
175	8818
176	437
177	167
178	1
179	233
18	635
181	533
182	15
184	6278
185	1263
186	2080
188	3888588
189	4651
19	1344
191	195270
192	1218
193	1162
194	796
195	4540
196	998
197	992
198	5
199	1740
2	20
20	2798
200	29
201	10
202	37
204	59
205	208450
206	123605
207	1
208	1045
209	1423
210	4
211	238
212	357
213	5
214	71059
215	1560
216	599
219	1
22	14
220	411
23	36854
238	11
239	17
24	4397
240	2
241	13672
242	2114
243	9358
244	825
245	31
246	322
247	673
248	2555
249	4801
250	6
251	6406
253	2438
254	37
255	140
256	15
257	24
258	32
259	31
26	1641
260	207
261	42
263	118
264	25
265	642902
266	1605
267	3
268	29
269	872
27	538
270	7124
271	1134
272	940
273	564
274	43
276	1
277	5616
278	7096
279	966769
280	7
281	38
282	3
284	458
285	327151
286	7759
287	8
288	445
289	724
29	5
290	1580641
291	185
292	422
293	3296
294	658
295	32073
296	28
297	518
298	1046010
299	607
300	47
301	720
302	525
303	21125
304	9
305	4411
306	1543
307	323
308	3
309	1572
32	1
35	1
36	1
38	361
39	691
4	73
40	18
41	1671
42	2
43	21872
44	698
46	47819
47	231
48	17
49	386026
51	2045836
53	109239
56	67292
57	969
59	11
6	12918
60	36078
61	231
62	27611
63	202
64	6249
65	120
66	1638
67	364
69	5623
7	379
71	41
72	32297
73	46
74	303
75	26271
76	14971
78	14
79	67928
8	51332
80	1851
81	12197
82	5908
83	191
84	370
85	86
86	355218
87	3
88	265
89	12
9	8286
90	2
91	3844
93	34
94	6
95	10
96	1240
97	26023
98	14027
99	438768
