010	0.004210937  (% cash)
010	294.0        (only tips by cash)
010	6981819.0    (Total = tips + non-tips for cash)
011	92.42068     (% for card)
011	2572206.0    (only tips by card) 
011	2783150.0    (Total = tips + non-tips for card)

020	0.0037315267
020	237.0
020	6351288.0
021	92.321075
021	2524469.0
021	2734445.0

030	0.0060592974
030	445.0
030	7344086.0
031	91.81225
031	2775117.0
031	3022600.0

040	0.0019010724
040	132.0
040	6943449.0
041	92.076805
041	2692034.0
041	2923683.0

050	0.0015697912
050	111.0
050	7071004.0
051	91.39972
051	2696247.0
051	2949951.0

060	0.0030420572
060	201.0
060	6607371.0
061	91.05795
061	2519038.0
061	2766412.0

070	0.0032708538
070	209.0
070	6389769.0
071	90.83383
071	2405446.0
071	2648183.0

080	0.0023933137
080	139.0
080	5807847.0
081	90.73819
081	2200804.0
081	2425444.0

090	0.0022428227
090	141.0
090	6286721.0
091	90.93272
091	2516181.0
091	2767080.0

100	0.0016845942
100	111.0
100	6589124.0
101	91.17737
101	2684228.0
101	2943963.0

110	0.001870824
110	118.0
110	6307381.0
111	90.97688
111	2575057.0
111	2830452.0

120	0.0020853432
120	134.0
120	6425801.0
121	90.48371
121	2362383.0
121	2610838.0
