0	1048
1	33
10	532
100	1945
101	256
103	181
104	386
105	390
106	2113
107	345
108	44779
109	18
11	15
110	25
111	1030
112	1
113	42
114	205
115	103
117	18876
118	615008
119	79
12	259
120	34
121	1165
122	3
124	269
126	618138
127	39
128	23896
13	224
130	302635
131	1418
133	628
134	280
135	302
138	5
140	4
141	683
142	20879
143	181
152	3
153	1
155	5
157	7
159	2
16	50841
160	1042
161	527
162	2
163	9349
164	986
165	1890
166	605
167	7
168	19875
169	1
17	132
170	254
172	8
173	43819
174	58
175	10976
176	531
177	158
179	196
18	638
181	577
182	20
184	5810
185	1420
186	1695
188	4306532
189	5773
19	1336
191	184579
192	2269
193	1141
194	904
195	4427
196	1175
197	1608
198	15
199	1538
2	23
20	2544
200	20
201	7
202	54
204	713
205	196998
206	122898
207	1
208	1147
209	1364
210	1
211	192
212	335
213	4
214	62755
215	1736
216	600
219	2
22	19
220	404
23	36672
238	12
239	10
24	5318
240	2
241	12172
242	2006
243	8373
244	730
245	45
246	92
247	757
248	3850
249	4692
250	7
251	3871
253	2607
254	16
255	139
256	25
257	32
258	17
259	59
26	1503
260	237
261	29
263	137
264	21
265	610218
266	1792
267	5
268	1
269	766
27	640
270	6282
271	1199
272	1086
273	503
274	42
276	1
277	6579
278	6063
279	1095951
280	18
281	47
282	6
284	561
285	328339
286	8593
287	13
288	481
289	922
290	1674171
291	232
292	422
293	2952
294	654
295	31597
296	23
297	458
298	1020373
299	2891
300	106
301	715
302	607
303	17260
304	12
305	3872
306	1467
307	336
308	11
309	1368
35	1
36	1
38	270
39	782
4	49
40	31
41	1524
42	4
43	14442
44	714
46	45236
47	206
48	43
49	421932
51	2069166
53	99700
56	67010
57	1037
58	1
59	23
6	13366
60	30376
61	240
62	27148
63	130
64	4689
65	141
66	1478
67	254
69	4724
7	396
71	68
72	26482
73	46
74	362
75	19786
76	14477
78	12
79	59305
8	35752
80	1704
81	16470
82	5487
83	160
84	307
85	77
86	364375
87	3
88	237
89	3
9	7778
90	1
91	4009
93	22
94	6
95	20
96	1248
97	24175
98	11726
99	491293
