0	1017
1	35
10	470
100	1796
101	257
103	194
104	255
105	341
106	1954
107	304
108	51507
109	15
11	18
110	20
111	927
113	49
114	244
115	79
117	21667
118	587018
119	71
12	243
120	32
121	1098
122	4
124	222
125	1
126	607644
127	22
128	24693
129	8
13	205
130	265273
131	1136
133	589
134	312
135	290
138	2
141	731
142	22908
143	179
154	1
16	66160
160	909
161	615
162	4
163	7291
164	1026
165	1547
166	591
167	1
168	11924
169	2
17	145
170	234
173	48067
174	66
175	8847
176	427
177	132
179	221
18	567
181	520
182	20
184	6347
185	1396
186	1792
188	4011726
189	4986
19	1383
191	182920
192	1258
193	1168
194	787
195	4683
196	1111
197	977
198	11
199	1670
2	26
20	2408
200	24
201	10
202	46
204	43
205	203835
206	128527
208	1107
209	1370
210	4
211	240
212	302
213	1
214	69652
215	1585
216	600
219	4
22	39
220	443
23	34314
238	5
239	15
24	4313
240	1
241	14204
242	1967
243	9477
244	705
245	30
246	190
247	613
248	2546
249	4369
250	9
251	5321
253	2587
254	21
255	140
256	11
257	17
258	24
259	31
26	1582
260	202
261	25
263	147
264	20
265	599603
266	1505
267	3
269	763
27	461
270	7013
271	1005
272	962
273	527
274	29
277	5643
278	6649
279	973834
280	7
281	36
282	5
284	463
285	320857
286	7175
287	10
288	540
289	753
290	1659424
291	197
292	389
293	3246
294	560
295	30206
296	26
297	472
298	1005491
299	638
300	54
301	672
302	544
303	21936
304	6
305	4238
306	1485
307	312
308	6
309	1456
36	30
38	237
39	703
4	79
40	1
41	1605
42	5
43	21342
44	539
46	43930
47	217
48	23
49	399502
51	2030833
53	106587
56	60608
57	967
59	13
6	12761
60	35345
61	215
62	26603
63	111
64	5384
65	123
66	1445
67	268
69	4750
7	387
71	48
72	32725
73	82
74	299
75	23270
76	14407
78	9
79	60661
8	49116
80	1948
81	9518
82	5788
83	136
84	295
85	90
86	364382
87	8
88	223
89	3
9	7880
90	5
91	4075
93	25
94	8
95	8
96	1302
97	24360
98	14552
99	432500
