Note:
---------------------------------------------------------------------------
<10(1), 10=<x<20(2), 20=<x<30(3), 30=<x<40(4), 40=<x<50(5), 50=<x<60(6)
60=<x<70(7), 70=<x<80(8), 80=<x<90(9), 90=<x<100(10), >=100(11)
----------------------------------------------------------------------------

January 
-------------------------------
1	6524527
2	6034266
3	1158602
4	443102
5	235037
6	176232
7	145877
8	32867
9	9444
10	6229
11	10432
-------------------------------

Fabruary
-------------------------------
1	6022201
2	5819364
3	1162283
4	421240
5	223079
6	157270
7	129746
8	30062
9	8836
10	6146
11	9949
-------------------------------

March
-------------------------------
1	6590068
2	6592110
3	1357885
4	502322
5	275113
6	204382
7	159046
8	37442
9	11115
10	7446
11	12299
--------------------------------

April
--------------------------------
1	6089384
2	6425965
3	1370500
4	496249
5	286651
6	208994
7	153859
8	36882
9	11382
10	7859
11	12743
------------------------------

May
------------------------------
1	5959664
2	6547689
3	1464667
4	531327
5	305865
6	233809
7	165535
8	40695
9	12826
10	8657
11	14315
--------------------------------

June
-----------------------------
1	5570328
2	6200220
3	1386925
4	496407
5	288256
6	217243
7	154252
8	38016
9	11668
10	8044
11	14097
-----------------------------

July
-----------------------------
1	5514928
2	5922856
3	1268880
4	455972
5	258191
6	195548
7	142738
8	33730
9	10685
10	7412
11	12900
-----------------------------

August
----------------------------
1	4958651
2	5394233
3	1151479
4	436421
5	255925
6	198822
7	137903
8	32707
9	10837
10	7454
11	12677
----------------------------

September
----------------------------
1	5403286
2	6061166
3	1395161
4	503458
5	284995
6	226805
7	161397
8	37764
9	11609
10	8050
11	14002
-----------------------------

October
-----------------------------
1	5738340
2	6507809
3	1451560
4	515414
5	308308
6	236659
7	171170
8	39436
9	12322
10	8698
11	14840
------------------------------

November
------------------------------
1	5643041
2	6175533
3	1388427
4	480763
5	273268
6	204483
7	153861
8	36572
9	11304
10	7804
11	13395
-----------------------------

December
----------------------------
1	5520623
2	5870945
3	1356802
4	490447
5	276751
6	218923
7	159235
8	39041
9	12909
10	9290
11	16152
------------------------------

Yearly Total
------------------------------
1    69535041
2    73552156
3    15913171
4    5773122
5    3271439
6    2479170
7    1834619
8    435214
9    134937
10   93089
11   157801
Year 173179759
-----------------------------

Monthly Trip Total
-------------------------------
Jan 14776615	
Feb 13990176	
Mar 15749228	
Apr 15100468	
May 15285049	
Jun 14385456	
Jul 13823840	
Aug 12597109	
Sep 14107693	
Oct 15004556	
Nov 14388451	
Dec 13971118	
-------------------------------

