0	1167
1	34
10	524
100	1964
101	321
103	220
104	389
105	447
106	2209
107	387
108	50062
109	23
11	14
110	24
111	980
113	68
114	246
115	75
117	19699
118	610777
119	85
12	337
120	34
121	1252
122	1
124	303
126	645223
127	25
128	26615
13	255
130	283500
131	1448
133	621
134	317
135	350
138	4
141	766
142	20719
143	209
144	2
147	1
15	1
152	2
155	1
157	1
158	3
159	2
16	58081
160	931
161	804
163	7436
164	1032
165	2128
166	656
167	6
168	15988
169	4
17	149
170	329
171	1
172	3
173	47849
174	69
175	8937
176	523
177	171
178	23
179	253
18	721
181	614
182	19
184	5802
185	1586
186	1900
188	4320718
189	5514
19	1462
191	239457
192	1309
193	1219
194	960
195	5045
196	1225
197	1284
198	6
199	1646
2	30
20	2620
200	31
201	13
202	65
204	50
205	211168
206	128850
207	14
208	1132
209	1338
210	2
211	239
212	289
213	2
214	69397
215	1881
216	643
219	4
22	20
220	501
23	35095
230	1
238	5
239	19
24	4889
240	2
241	13634
242	2273
243	9151
244	840
245	27
246	570
247	603
248	2655
249	4555
250	9
251	4238
253	2790
254	33
255	148
256	8
257	16
258	18
259	358
26	1497
260	230
261	22
263	135
264	20
265	638224
266	1738
267	9
268	1
269	794
27	557
270	6750
271	1171
272	1072
273	610
274	37
276	1
277	6070
278	6552
279	1070545
280	13
281	43
282	3
283	1
284	591
285	350054
286	8080
287	16
288	557
289	930
290	1699661
291	228
292	603
293	3289
294	725
295	34421
296	36
297	597
298	1049558
299	726
30	1
300	129
301	695
302	603
303	19033
304	10
305	4369
306	1677
307	323
308	6
309	1469
33	1
35	1
37	1
38	462
39	810
4	54
40	7
41	1771
42	1
43	17068
44	591
46	46767
47	251
48	23
49	435253
51	2130391
53	103162
54	1
56	71472
57	1087
59	22
6	13287
60	33952
61	252
62	27699
63	170
64	5029
65	156
66	2089
67	347
69	4950
7	382
71	58
72	30412
73	50
74	330
75	23646
76	15068
78	13
79	67084
8	42501
80	1775
81	13275
82	6277
83	141
84	354
85	94
86	361998
87	5
88	255
89	6
9	8191
91	3849
93	36
94	5
95	15
96	1484
97	26746
98	13774
99	492654
