January 
-------------------------------
-73.928688 40.746731	107
-73.781281 40.645088	110
-74.008987 40.7421	116
-73.928635 40.743771	120
-74.165016 40.587334	130
-73.913605 40.752487	133
-74.009926 40.736706	138
0 41.453693	142
-73.999741 40.754555	145
-73.96714 40.759201	168
-73.962868 40.79895	171
-73.948174 40.678581	172
-73.935196 40.750931	185
-73.929001 40.746544	190
-73.88443 40.738625	217
-73.983627 40.765759	232
-73.990784 40.770645	337
-73.993027 40.737007	382
-73.937477 40.758453	424
-73.923698 40.760349	526
-73.867592 40.726818	587
-73.974388 40.752983	589
-73.903 40.763824	629
-74.008286 40.71283	662
-73.945297 40.783367	806
-73.977379 40.631966	861
-73.98587 40.684944	1096
-73.850418 40.83717	1108
-73.965034 40.759426	1248
-73.937584 40.758011	1352
-73.937523 40.758148	1358
-73.949043 40.744915	1371
0 0	273160
-------------------------------

Fabruary
-------------------------------
-73.928825 40.746449	103
-73.899376 40.756359	109
null null	113
-73.999695 40.728397	118
-73.983627 40.765759	121
-74.014877 40.714672	132
-73.867592 40.726818	150
-73.988541 40.769009	159
-74.005402 40.736801	161
-74.009613 40.71521	165
-73.928673 40.746288	177
-73.936584 40.759747	181
-73.923988 40.752609	198
-73.978905 40.741047	208
-73.971413 40.628841	211
0 41.453693	222
-74.009926 40.736706	239
-73.903 40.763824	293
-73.923698 40.760349	447
-73.977249 40.715012	640
-73.850418 40.83717	696
-73.990784 40.770645	733
-73.980598 40.683193	803
-73.990944 40.736053	834
-73.937523 40.758148	857
-73.965034 40.759426	946
-73.949043 40.744915	1052
-73.993027 40.737007	1224
-73.937584 40.758011	1283
0 0	264814
-------------------------------

March
-------------------------------
-73.97287 40.755852	77
-73.993484 40.72168	84
-73.997986 40.735767	90
-73.960571 40.590179	92
-73.989273 40.736233	94
-74.164948 40.587341	104
-74.165085 40.587433	119
-73.989815 40.762634	145
-73.983215 40.681149	158
-73.980713 40.674904	159
-74.164948 40.587337	170
0 41.453693	178
-73.937584 40.758011	199
-73.923698 40.760349	245
null null	293
-73.993027 40.737007	297
-73.949043 40.744915	491
-73.980598 40.683193	773
-73.990944 40.736053	1214
0 0	282863
--------------------------------

April
--------------------------------
-73.855499 40.759277	51
0 40.793427	52
-74.34214 40.824211	52
-73.520729 40.710526	56
-73.983467 40.676632	58
-73.953697 40.679832	58
-73.933807 40.752392	60
-73.981285 40.776676	66
-73.94883 40.757435	71
-73.991608 40.736771	75
-73.781319 40.644886	77
-73.972855 40.724857	79
-73.954109 40.750622	86
-73.985542 40.722073	91
-73.965012 40.755657	129
null null	146
0 40.754341	150
-74.195213 40.548466	157
0 41.453693	233
-73.883629 40.63221	239
-73.917358 40.670559	390
-73.949043 40.744915	853
-73.990944 40.736053	853
-74.023048 40.765991	7045
0 0	258783
------------------------------

May
------------------------------
-73.944473 40.750793	74
-73.910812 40.752857	79
-73.93998 40.751644	80
-73.92411 40.744007	91
0 40.691483	96
-73.994629 40.750645	104
-73.865555 40.769363	128
-73.790482 40.654198	132
-74.01181 40.721863	133
-73.985092 40.680622	139
-73.983696 40.680897	151
0 41.453693	197
-73.925766 40.731628	238
-74.010643 40.730068	308
-73.863014 40.769249	324
-74.023048 40.765991	411
-73.988068 40.622555	772
-73.949043 40.744915	1323
0 0	275746

June
-----------------------------
0 40.691483	73
-73.986481 40.722218	74
-73.964851 40.775387	78
-73.867134 40.771027	95
-73.983765 40.729942	96
-74.005547 40.756004	97
-73.980247 40.730515	119
-73.988625 40.722687	128
-73.989243 40.721188	173
-73.978271 40.729614	206
null null	338
-73.944817 40.750931	627
-73.988068 40.622555	1272
0 0	252058
-----------------------------

July
-----------------------------
-73.079216 40.009911	76
-73.988579 40.724182	81
-73.988724 40.722462	86
-73.980247 40.730515	106
-73.851227 40.751122	106
-73.866486 40.769985	122
-74.005081 40.741196	172
-73.988068 40.622555	245
-73.983765 40.729942	251
-73.968384 40.765259	281
-73.978973 40.761192	369
-73.787704 40.645096	488
-73.948799 40.744625	672
-73.948723 40.744843	679
null null	698
-73.867134 40.771027	700
0 0	211306

August
----------------------------
-73.989326 40.805058	73
-73.987106 40.736217	85
-73.942062 40.714741	89
-73.926888 40.789703	95
-73.964195 40.767895	121
-73.885162 40.77256	132
-73.98584 40.740005	140
-73.945618 40.75296	141
-73.957176 40.800152	145
-73.975105 40.718857	158
-73.978973 40.761192	185
-73.946953 40.753441	195
-73.985313 40.710606	335
-73.862793 40.768452	518
-73.948799 40.744625	1129
-73.948723 40.744843	1305
0 0	151693
----------------------------

September
----------------------------
-73.946236 40.781342	63
-73.922363 40.744732	65
-73.966682 40.681713	73
null null	78
-73.969833 40.761177	88
-74.007797 40.752598	99
-73.979797 40.766171	127
-74.006393 40.738407	133
-73.85759 40.675327	147
-73.988091 40.723804	236
-73.976456 40.764118	409
-73.948799 40.744625	489
-73.948723 40.744843	1337
0 0	157830
-----------------------------

October
-----------------------------
-73.949158 40.793507	75
-73.920563 40.849495	75
-73.984268 40.729286	76
-73.991997 40.725433	79
-73.988739 40.73114	79
-73.86161 40.729923	97
-74.012688 40.718758	98
-73.977844 40.749229	100
-73.986389 40.718159	104
-73.891815 40.748943	110
-73.979507 40.771214	158
-73.977982 40.729607	236
null null	736
-73.948723 40.744843	1422
0 0	177428
------------------------------

November
------------------------------
-73.827934 40.740547	64
-73.973328 40.752258	79
-73.863586 40.769455	81
-73.959877 40.762314	84
-73.994797 40.766975	84
-73.936249 40.752602	96
-73.895912 40.754765	107
-73.951012 40.729515	111
-73.891815 40.748943	407
-73.793983 40.656971	505
-73.96167 40.774151	546
-73.83461 40.765968	738
null null	754
-73.948723 40.744843	1450
0 0	282853

December
----------------------------
-73.935516 40.752262	66
-73.950943 40.810284	67
-73.895912 40.754765	71
-73.974815 40.618103	73
-73.948723 40.743874	75
-73.974739 40.616863	77
-73.961014 40.802319	84
null null	112
-73.985985 40.684994	133
-74.011147 40.701656	222
-74.004982 40.723339	245
-73.83461 40.765968	1059
-73.793983 40.656971	1260
-73.948723 40.744843	1311
-73.96167 40.774151	1438
0 0	237575
----------------------------
