0 0	2826109
-74.023048 40.765991	7559
-73.948723 40.744843	7506
-73.949043 40.744915	5090
null null	3438
-73.990944 40.736053	2902
-73.937584 40.758011	2834
-73.948799 40.744625	2291
-73.988068 40.622555	2289
-73.937523 40.758148	2219
-73.965034 40.759426	2195
-73.96167 40.774151	1994
-73.993027 40.737007	1907
-73.850418 40.83717	1804
-73.83461 40.765968	1797
-73.793983 40.656971	1765
-73.980598 40.683193	1577
-73.923698 40.760349	1218
-73.98587 40.684944	1096
-73.990784 40.770645	1070
0 41.453693	1041
-73.903 40.763824	922
-73.977379 40.631966	861
-73.945297 40.783367	806
-73.867134 40.771027	795
