0	1009
1	27
10	556
100	1980
101	283
103	206
104	412
105	461
106	2383
107	314
108	53955
109	20
11	18
110	22
111	1022
113	50
114	288
115	61
117	23951
118	603709
119	80
12	201
120	34
121	1173
122	4
124	300
125	1
126	633455
127	22
128	24888
13	240
130	286106
131	1035
133	646
134	321
135	319
138	4
141	695
142	22284
143	207
15	4
152	1
155	1
159	1
16	66177
160	1033
161	663
163	7474
164	1079
165	1694
166	650
167	15
168	14584
169	2
17	151
170	310
172	6
173	47597
174	69
175	9337
176	375
177	179
179	255
18	644
181	583
182	6
184	6278
185	1262
186	1805
188	4265692
189	5253
19	1375
191	214414
192	1286
193	1255
194	894
195	4731
196	1019
197	1038
198	14
199	1870
2	22
20	2564
200	62
201	9
202	36
204	71
205	216675
206	131810
207	2
208	1193
209	1410
210	2
211	217
212	300
213	3
214	74366
215	1565
216	590
219	3
22	31
220	438
226	1
23	37539
236	1
238	13
239	15
24	4830
240	4
241	13967
242	2078
243	9687
244	806
245	24
246	391
247	700
248	2713
249	4626
250	14
251	5541
253	2947
254	30
255	150
256	8
257	26
258	21
259	31
26	1601
260	197
261	34
263	153
264	17
265	636023
266	1525
267	2
269	937
27	505
270	7132
271	1134
272	1051
273	569
274	35
276	3
277	5614
278	7100
279	1023023
280	4
281	48
282	4
284	477
285	341318
286	7480
287	20
288	486
289	830
290	1732272
291	204
292	367
293	3401
294	590
295	33213
296	18
297	464
298	1045417
299	611
30	1
300	54
301	681
302	517
303	21309
304	10
305	4459
306	1570
307	333
308	14
309	1513
35	1
36	8
38	354
39	626
4	64
40	3
41	1670
42	7
43	21071
44	637
46	48263
47	215
48	26
49	418352
50	1
51	2106852
53	105877
56	69246
57	918
59	16
6	12963
60	36570
61	198
62	28383
63	146
64	6059
65	133
66	1354
67	273
69	4864
7	466
70	1
71	43
72	33241
73	49
74	302
75	26370
76	14840
78	18
79	67634
8	50540
80	1941
81	11260
82	5793
83	118
84	319
85	72
86	362898
87	6
88	234
89	10
9	8389
91	3919
93	22
94	2
95	6
96	1641
97	26834
98	14366
99	472141
